SplineFontDB: 3.2
FontName: PRAGMATEKNIKA_COSMIC
FullName: PRAGMATEKNIKA COSMIC FANTASY FONT
FamilyName: PRAGMATEKNIKA COSMIC FANTASY
Weight: Regular
Copyright: Copyright (c) 2022, jrecto
UComments: "2022-8-17: Made by jrecto I will allow the use of this font when you reach me out and give you the copyrights."
FontLog: "8/17/2022 - Ul Alphabet, and numbers"
Version: 1.0
ItalicAngle: 0
UnderlinePosition: -292
UnderlineWidth: 150
Ascent: 1638
Descent: 410
InvalidEm: 0
LayerCount: 2
Layer: 0 0 "Back" 1
Layer: 1 0 "Fore" 0
XUID: [1021 868 1572476504 20539]
StyleMap: 0x0040
FSType: 0
OS2Version: 3
OS2_WeightWidthSlopeOnly: 0
OS2_UseTypoMetrics: 0
CreationTime: 1660733123
ModificationTime: 1660756349
PfmFamily: 17
TTFWeight: 400
TTFWidth: 5
LineGap: 67
VLineGap: 0
OS2TypoAscent: 1491
OS2TypoAOffset: 0
OS2TypoDescent: -431
OS2TypoDOffset: 0
OS2TypoLinegap: 307
OS2WinAscent: 1854
OS2WinAOffset: 0
OS2WinDescent: 434
OS2WinDOffset: 0
HheadAscent: 1854
HheadAOffset: 0
HheadDescent: -434
HheadDOffset: 0
OS2CapHeight: 1467
OS2XHeight: 1062
OS2FamilyClass: 2048
OS2Vendor: 'PfEd'
MarkAttachClasses: 1
DEI: 91125
LangName: 1033
Encoding: ISO8859-1
UnicodeInterp: none
NameList: AGL For New Fonts
DisplaySize: -48
AntiAlias: 1
FitToEm: 0
WinInfo: 0 25 13
BeginPrivate: 0
EndPrivate
Grid
1497.9041748 2662 m 0
 1497.9041748 -1434 l 1024
  Named: "A"
251.846923828 2662 m 0
 251.846923828 -1434 l 1024
EndSplineSet
TeXData: 1 0 0 346035 173015 115343 513802 -1048576 115343 783286 444596 497025 792723 393216 433062 380633 303038 157286 324010 404750 52429 2506097 1059062 262144
EndSplineFont
